2610
6451
3349
9517
2769
6256
7190
7224
5360
8719
9936
6452
4700
2866
48
4298
4846
3740
8277
5234
2828
1023
6317
6260
6254
8449
5052
4573
22
9203
8235
5244
9086
1628
5928
2760
372
8216
6942
45
7741
6679
5891
9755
8721
5856
6079
6693
417
3503
6241
3351
8040
5563
2930
9840
5289
8524
2590
6918
3586
5379
1689
5828
8472
1027
2077
6526
6782
9632
8706
9939
5269
2319
715
9216
8093
3498
7942
3101
2176
5115
4820
4325
7778
614
637
9207
7735
4573
2621
3261
7632
2817
9640
1009
4516
1728
9007
4833
4359
4655
5135
8229
4515
6339
8580
6974
4952
4615
5559
3846
5514
7613
2250
5035
2620
4234
1632
9085
8343
6123
1652
9358
8861
8821
8133
1703
946
6670
5852
5160
6643
168
2968
4103
4363
4676
6470
1975
1656
992
142
2060
7446
1445
7479
3968
3698
1564
5091
4824
7980
9333
2469
6030
4306
1334
2865
961
8727
6171
964
1234
1129
1485
3701
6775
2738
6794
4184
8458
5939
167
766
5982
9544
7217
9239
5713
1752
6847
5189
1309
6312
6490
9987
4925
3344
627
6631
7242
5644
6440
8071
9816
8819
5247
4152
924
2008
6453
6167
9792
2456
1934
7580
8835
8956
1267
5278
5486
3188
3808
9987
2152
4442
2094
5438
3169
253
2012
7965
3425
6460
956
4150
3808
9913
5495
1648
2417
9572
2061
5698
1974
1582
8622
1871
3177
3217
9407
5697
6775
4209
1055
2140
3978
6967
7083
1859
5885
5135
3645
6286
1151
5003
8983
8224
9163
4897
2919
7433
8495
1146
7192
4926
7500
8567
6359
8642
1625
8301
4654
1438
8365
9847
2508
6844
3411
1100
4527
1456
3096
2746
1512
8551
6642
8877
2549
7103
156
7125
2997
4587
3030
4093
4412
7966
6017
2760
3976
5041
6391
9505
3741
578
1813
4505
6750
560
8065
7273
189
1775
3031
6011
4446
6116
5591
4774
3630
1045
198
9889
5997
5159
1675
5118
6022
5842
5640
9991
8163
6116
1291
1178
3717
3058
2522
1064
4222
3789
9996
3384
7765
5711
2478
4530
2495
2737
3019
8673
3616
7511
9248
2761
5744
9784
3773
7632
2427
509
3780
2232
2537
7384
8728
618
5952
9750
1975
5293
2325
7813
7989
3609
8851
1658
3905
5811
7945
7783
9206
8780
3298
8643
2249
5273
6433
8936
7993
2975
9830
9646
4209
7084
35
385
8213
6823
2808
8791
2354
8846
2208
4937
9268
7359
8449
7705
2284
8159
7066
8888
4710
9815
8658
3887
7374
6561
8138
9402
7305
4250
4373
5157
1951
5809
7151
79
2410
7970
4893
1281
9949
5416
8553
280
2263
6644
9096
3514
7088
9577
806
1627
4275
5012
856
8881
5925
4000
5557
3023
7093
6885
8660
6479
7352
9189
4756
3532
1752
6352
8565
3207
3956
5101
8813
4391
7674
7400
3534
9272
4999
8107
8150
2306
2160
5594
8489
6676
871
2937
6094
9465
7319
3350
4003
6426
4384
7988
8736
6147
2098
4565
4383
7846
1937
406
4243
5256
9350
3450
1046
977
1152
5
7890
7417
2778
5211
7936
345
2709
8536
3096
2174
9344
6327
602
6609
480
5823
511
4802
9724
7755
283
1935
5951
6746
3091
5514
9967
8974
3521
275
7588
6518
8428
9387
7612
5448
5739
1400
6614
7612
4903
4182
8926
2881
8318
8117
2713
2044
8928
9250
5818
7179
3864
6290
3320
5353
7631
6903
6168
5138
2255
1650
4363
1855
6971
9913
8858
2758
452
241
8866
6011
7754
7193
5915
7651
1905
9035
4872
3527
4898
5770
4484
2471
5092
8719
6364
9022
3575
2018
6815
5489
5176
1471
739
996
8205
4225
4667
1310
9158
2303
4263
5548
9596
7967
2900
4423
842
2869
1286
5453
5498
3764
6802
4472
8273
3866
4776
5571
7289
6925
3318
7732
6817
1373
5688
5236
2733
5031
2388
1221
6176
4108
3100
9412
3374
1241
3461
1010
7228
7699
7753
8166
801
1315
3401
715
840
2765
1968
492
928
2287
7938
9368
7002
1233
4584
4348
7319
2320
2543
7733
30
3436
6720
9391
8856
7865
3364
1789
6215
9186
4811
6980
3000
4256
6896
6678
7109
6869
2770
6214
7023
8963
1403
5527
4112
3136
8351
4871
2994
6428
9830
9236
8127
4855
6069
7283
4977
2714
8835
3881
9479
6856
5060
8731
679
7316
8562
4362
1170
8390
2998
4298
7135
5144
2292
7214
6070
3157
8777
8115
842
4351
1831
7836
9704
6065
5391
7116
7127
7151
2237
7885
6862
640
8103
311
9159
8433
6047
4010
5944
3323
7988
848
9817
5880
8650
6257
9985
1301
2353
2525
7360
6278
9952
2217
8904
4761
9568
4705
5979
7972
2660
3539
2733
3623
9670
6826
3207
2734
971
2043
7608
4190
3826
6314
720
8192
2031
258
1747
1221
9438
7972
5372
367
2725
6274
5145
9806
2189
4273
3550
4000
7347
510
7948
8890
3677
6548
6511
606
6827
4630
3564
5838
4348
6855
5729
1546
7540
2145
8174
1346
5359
9734
2961
5828
9286
6260
8389
809
8079
94
9901
6922
6349
3796
5031
7480
4433
1807
8748
5371
4790
6028
5285
5980
1328
5842
8229
4075
1904
1579
1770
7378
2685
5427
4846
5660
4091
332
9345
3555
8901
4768
8429
4506
8905
8213
9304
978
2591
5144
7119
2675
3598
1340
6404
9711
7273
9071
2210
337
9400
6887
9380
9919
7238
2235
3716
1746
9776
2377
4647
462
8284
8952
810
6056
9679
65
6945
1647
3084
7517
8084
9943
7615
415
6053
4405
2585
2321
8803
3905
322
7807
756
1900
6318
4334
985
4857
5676
2021
8441
4137
6740
4424
1590
9041
9625
3421
8916
9112
7803
3747
2865
6352
6064
9910
3244
1079
7369
8795
3940
9840
5784
578
8540
4412
4741
1928
3568
1660
3917
6759
2850
8467
6567
8351
4793
7038
9117
3593
366
8703
381
1284
1637
8208
992
2553
8755
1191
957
5586
1433
4173
972
9302
1653
5365
632
4693
4616
84
5479
9627
3296
4447
8293
5081
6632
448
9201