828
9420
3137
6806
8544
8300
9464
8528
4246
932
2178
3461
3618
3170
4051
6295
768
4687
7858
6517
676
2596
2091
7756
6611
8108
5629
165
1484
5957
1067
1297
3730
1506
9666
3157
7126
3245
5696
8718
1439
7561
5452
5775
1476
1899
8486
778
3744
5280
3822
7943
4812
2484
1728
4665
1823
2106
3641
5414
7535
5833
992
2490
4839
8438
7823
3557
1184
1474
5151
8288
1140
9602
9714
2181
6233
9693
2318
9362
5086
5888
3479
6011
9035
7825
1488
6975
9077
8069
7659
6349
4507
8431
394
3615
4000
7597
3435
889
634
9521
4938
5385
8251
9589
9068
702
8409
5151
6242
9368
727
8570
7441
4501
2318
655
7031
1302
5113
8566
8404
5795
9227
3593
5647
8092
4397
6401
1531
8335
7626
9586
963
3786
7137
5356
1785
3966
9373
8694
8028
589
3279
828
1604
2311
5456
394
9535
7895
7237
6432
2460
8636
1407
1924
7117
9585
1950
4144
7920
7572
4711
3696
1722
4897
9696
6133
2015
4774
2317
2284
1966
1188
1119
5120
2364
992
7731
8692
6704
5142
1468
3897
4354
8183
5344
2740
5275
4980
3653
8160
6584
2734
3332
4092
8162
2889
5352
1081
95
3722
7605
7282
5778
8520
4846
4545
7179
7074
6887
9736
3313
7937
6592
8768
7435
4947
3196
9604
6673
2646
8531
1916
4827
1129
508
1590
3909
8792
1914
8985
9884
4751
3096
7448
2847
2403
5900
9432
4744
8902
2116
7721
6671
3281
4621
8786
9791
5486
8210
734
3387
6935
9430
836
5058
1839
1813
9178
209
1731
534
4623
5380
5759
1223
5753
3318
4506
2036
6636
9975
1895
8410
6733
407
8970
3732
4633
3995
4080
6667
3757
6989
155
553
9056
1722
5545
3578
2423
2370
9546
229
4024
3091
7356
6886
7356
8196
2001
9782
8558
3102
2545
9480
877
1079
256
827
4914
158
8142
3369
8302
243
7341
5795
7684
3202
6233
1317
9442
4878
9030
4711
5052
2123
762
9060
8556
8816
8222
9880
3232
6630
2557
1637
167
6341
9391
3276
6661
1684
5201
3139
5874
5882
7876
7555
8375
3239
4515
9233
3782
5337
6024
5363
566
5562
9985
3040
9857
2984
3726
2874
59
4052
7292
403
728
2314
4250
9690
1335
3080
7769
57
7032
8174
5396
7358
5088
8507
8212
254
7556
7545
4020
8467
6329
2464
1570
7187
9537
1881
6203
8465
4391
9978
7816
8227
4135
609
114
5048
5459
2177
1073
6936
4855
3
9654
8358
2227
5826
3037
6777
8736
1731
6705
1489
7166
1772
9686
6576
3615
4814
1164
9699
4361
2747
9730
1259
4599
9711
8005
2965
9531
9177
821
8598
7475
159
9052
1831
360
4863
9148
7218
2209
1032
4748
880
8367
8583
3466
497
2279
7411
7410
6952
9407
4583
8432
7449
305
4561
9460
7136
8751
3597
6093
7915
1283
1138
6916
3673
7252
3272
4594
2308
5267
9000
9850
456
4259
2472
80
832
8549
9946
4028
2470
8840
3278
8728
4574
1175
6664
4623
956
2044
9861
3871
2687
3771
5094
8672
6850
9652
1934
1075
9748
6453
443
2177
25
7646
8345
7509
5091
5588
7334
2864
593
2271
730
2251
3115
5083
6894
6162
8501
2458
7535
4790
8810
8978
800
6243
3601
7799
4719
4233
347
5630
3437
7306
7226
4858
7199
6864
4643
1198
3236
1016
7938
1298
2208
2982
407
9678
9376
4867
4914
7967
2601
5662
147
9081
1308
2964
9190
128
2539
100
4911
1001
9175
8297
3075
2731
4771
9375
9379
1344
265
6853
6135
5107
1668
700
2845
8120
1288
1780
384
5474
4242
7996
5546
1297
1858
8148
5954
2330
2965
8456
5272
7342
1652
8841
4664
9884
5332
4423
5466
7913
1196
150
8390
1219
2595
4744
7891
6528
254
8664
53
4741
2055
5348
420
1950
2442
2048
4498
9453
3960
1358
6646
8863
5662
571
4877
153
8425
3581
8632
5937
6950
1073
427
7004
1578
5866
4518
8368
5528
8131
9776
9618
8010
1238
7685
585
2635
9150
2232
8525
9305
7068
2645
5436
2745
9482
5304
5883
5755
6978
7674
4893
8830
5448
5928
9981
7063
2967
8079
5676
3167
6058
2612
6225
580
8239
990
4025
323
9001
3417
6462
9465
411
7198
1255
5499
9783
2880
9084
2802
5137
1400
4122
1916
3188
4128
4925
3869
9959
7223
9994
3658
8605
7959
1982
5374
2029
2752
1499
8473
3576
9321
3382
1362
6003
883
7473
8868
8723
269
195
589
5106
9822
9126
866
6327
9927
5633
3948
1484
383
877
9892
9303
1977
502
503
6397
9781
1770
5494
9302
4293
5817
1424
3804
5958
8482
3668
3977
5840
7293
4397
4499
1498
1986
8996
236
1501
7583
2576
1355
5470
3364
8568
6361
1566
2330
2216
2530
8510
9754
277
2692
8452
1021
2752
5645
5616
6462
7365
3295
1455
1810
2203
9647
1931
2984
8921
8163
1156
8625
1587
1806
3167
2507
3811
4208
5442
1167
8120
5151
991
3817
4398
3691
8342
3013
8960
3586
5437
1531
9848
4124
7869
2767
212
5534
7421
4779
9974
7754
2722
8802
8991
9057
461
1232
2239
7018
785
9699
8208
214
9811
1579
57
7238
9597
6925
6383
1042
1492
9957
5652
5739
1813
3151
2728
7039
7074
2973
9878
6877
275
6213
27
5356
5286
2539
2975
9994
977
4161
3876
755
7096
7049
1933
1377
1270
6276
2176
4515
4321
4798
1753
514
2284
526
9151
8747
4553
7223
8612
5232
8468
5093
2774
974
9050
6281
5219
631
7354
7
9620
1795
4399
3207
5520
2703
7056
4766
7447
9247
9478
9509
1405
4472
6284
9634
9213
3942
1231
3547
7352
9423
1906
3894
2515
7566
3466
4308
6743
1315
375
8748
6890
9019
1356
5430
5230
7085
1775
6378
4152
3924
4816
2458
3923
5162
7389
6606
624
109
9375
7710
7222
7292
4940
7439
1096
3574
4519
2367
4467
7216
4516
3494
2309
4835
3646
9754
741
7479
8477
5034
2201
9627
6793
937
2223
2091