9872
5368
7034
2442
5360
2323
9201
2835
3183
3967
8134
7334
1234
9719
8018
5704
4976
8263
6082
1282
8912
7987
7426
3970
346
5574
1968
7665
1529
3007
1135
8420
5621
7261
5453
3317
9162
2828
4668
1791
9239
5213
9127
3578
8578
5640
291
7886
4144
8836
6123
279
9778
5900
8842
9935
158
8718
5217
6473
7649
7322
7822
5165
9484
3205
5921
3301
5230
9351
9747
7377
9314
9313
6049
9532
5780
2673
480
8066
6620
1577
8045
7315
9472
731
290
3763
5039
3705
7933
2290
5937
373
6215
9315
296
1778
9812
6505
3928
5946
9552
781
7338
2421
1687
6632
2882
575
3405
5193
1732
7266
8370
3693
9808
1076
1623
128
3352
2594
2357
2492
5508
1481
6033
5869
8270
7423
6737
4176
3119
1037
3906
4890
8631
6600
1184
7447
4264
5082
2741
2588
9225
7831
8646
551
6436
8743
2367
4181
2106
2422
7163
3664
6027
6294
4290
281
1460
7469
3120
349
371
3218
1872
2618
188
2552
6970
8700
1847
873
5893
2430
8286
4862
3544
5764
9691
9518
7189
5294
930
3043
9594
5302
9285
2596
8157
7182
5600
61
6354
3863
7880
6672
7355
3393
1168
4891
4478
2384
118
7539
4318
5089
6242
388
7995
904
6838
889
3035
2680
6452
2385
7055
1199
5409
2272
7697
6128
5697
3919
5438
5059
2791
7072
8437
7422
2102
1998
2758
150
6807
4613
6768
2388
1157
4453
7169
8477
876
4450
5588
83
7635
4580
821
9231
475
5550
9215
5732
4697
487
183
2126
1753
2619
2045
39
3617
4040
9270
5250
7135
6521
2358
443
8265
5221
5042
9477
7968
7870
5495
9073
8692
5553
7681
8233
8619
8820
3908
8823
8496
2223
7619
8470
6186
3593
3141
6985
6408
2852
712
6890
4810
4649
1481
2162
3478
1092
3166
6655
460
7934
4693
6237
4067
8452
6191
6894
1275
774
5416
1900
6722
1878
8915
7107
5959
7881
4483
8062
1712
146
2721
4411
3328
6372
1558
5451
2767
8807
3740
8831
9813
9161
5914
5602
2845
6566
8389
4286
8523
6513
4406
1583
3456
1513
7595
3905
6708
2615
561
9915
3590
6391
8781
6237
8669
1715
6786
9639
4261
1354
707
2905
5546
2584
3220
7276
7640
4359
9174
5952
3619
1053
7516
9675
4060
6113
1098
9647
2066
6138
178
6312
9134
779
8494
3061
3659
6242
2732
4653
8895
1741
8634
9478
403
9657
906
243
3609
9781
1376
415
3158
3014
7340
697
1602
9568
9076
1992
8100
8606
3793
6286
9403
2684
4423
5956
7630
1927
7627
7156
7694
3116
3853
9233
1887
4030
903
9938
8026
2428
3822
8651
6920
4768
7855
9186
7853
7593
5021
6604
736
6997
8241
7671
2084
7119
6832
4556
2190
3748
5936
8247
6268
5535
1003
826
3796
5750
3873
7527
101
1760
657
5362
7199
1466
472
5047
6893
3934
6730
5258
2455
7771
8806
4534
5122
8337
4187
4632
842
8903
1915
8155
4534
1266
5397
402
5435
5879
6252
2041
136
6938
7633
8749
9905
9537
9471
1244
9264
5011
2696
4512
580
7301
6466
7969
412
4848
8275
6778
6771
4763
6521
8889
4274
9452
5123
4171
4096
8744
694
1735
5658
2966
5823
6510
7749
6374
1325
7513
1675
5020
2791
6709
3801
979
1750
6544
2868
1000
8164
6582
2077
6381
716
1692
7333
1790
7689
5507
6642
1393
8203
7797
442
9471
4891
611
3126
1547
2803
6770
2933
7769
216
3906
2279
8216
7488
5310
2702
4193
8594
831
5885
7669
5232
2995
3979
7763
1597
2048
2752
6563
2678
3912
8892
3903
5520
4522
5971
52
8864
7351
2574
8279
1553
186
6429
1699
5455
7692
6719
5025
6613
8627
7116
2889
2722
5511
9286
2577
7434
571
2787
1528
7491
6193
3952
6189
9351
8013
8127
3837
1023
1702
1895
918
8267
9177
1613
2837
8170
3067
8501
2728
781
1989
6069
5088
1922
9448
4793
3042
3561
6357
1065
484
9477
4522
4436
910
624
8540
8553
5744
553
8751
9819
3452
877
3828
9562
7604
3409
1431
8417
4310
4419
7868
4973
4075
6244
7817
8578
4403
5247
8979
1764
3600
1724
1981
1300
2582
8095
7683
166
5507
582
653
3633
3986
4220
9394
6649
4411
4504
4139
9396
2819
3042
3946
714
475
9384
9177
674
8889
8046
1272
2697
5576
6058
8332
3515
5544
4540
5650
742
2049
653
3850
6074
5763
8509
5335
5876
4163
8461
4181
3068
1026
3797
5232
751
8245
784
3306
493
8255
7302
1620
3846
8820
3176
2353
5938
8020
5458
2468
5577
8688
8865
494
8383
3246
5848
1189
8135
6773
6152
5805
3231
2890
2927
320
5604
6839
5189
5774
308
9620
7075
169
4976
9805
9141
5947
1830
8402
8877
6065
3152
449
7370
9235
2656
6181
2576
1656
5261
9392
5915
8722
5819
6477
1495
890
311
1403
5483
8354
5070
6617
3611
9187
8268
8503
1763
8403
1945
1011
5791
6399
2723
8355
7986
4591
1050
6685
8960
7754
8416
9649
3904
8359
8723
1309
4446
7110
2487
4005
8514
3044
6455
3841
3685
8065
783
7598
1345
1797
1398
8083
4690
8669
3454
9394
8068
8852
3394
3894
5944
4160
8946
9812
5772
7492
8713
332
2830
560
3557
907
7378
4918
7410
8770
9584
4378
8951
3898
7655
3807
3603
9781
1937
6358
2275
1888
167
4805
1837
4239
311
1940
2843
347
3911
2061
7733
736
1323
2371
3484
1700
9264
2126
5069
6469
7237
5372
5633
7012
4641
2760
2196
3943
3889
3883
8864
5960
4331
4619
771
5160
381
4516
2606
5456
6369
7796
8351
1238
9302
8437
5775
1852
4108
4364
3050
2012
5139
3151
8335
1885
4290
9737
4170
6005
5811
5079
8012
6917
5495
432
2298
7804
5438
4695
1157
3910
9303
9437
8812
3364
8310
1523
5859
70
9888
4912
8295
4758
491
5019
6320
7860
6520
1982
7900
798
6942
5297
1740
458
1017
1245
1450
9447
920
3072
356
25
9815
4761