6191
1128
4536
6633
958
9497
69
9609
1386
1073
4276
7036
3261
5483
9999
412
4360
6671
4413
7770
4659
1289
6838
4786
6056
9916
2414
6857
3316
9915
1965
5890
3497
916
7716
959
5467
4965
6041
8794
8288
7799
6037
8958
8367
2438
7567
9364
7287
1994
5800
5211
3838
7107
9372
4686
2020
7541
2981
5492
5228
887
2166
7187
2633
9789
3741
468
3495
1471
6140
1854
8304
8926
7023
2392
6267
6618
3295
7254
6356
1932
9372
8541
5259
8090
1947
3492
6404
5548
8818
6795
4762
5572
1708
582
9600
4506
5173
7629
9570
973
3334
4337
4210
6642
3891
6083
4020
6079
7675
431
3607
973
1172
8734
1969
2871
3862
1905
6056
5412
5787
4037
3114
8969
6204
3834
9263
454
7303
2457
7083
6756
9520
4888
2416
9063
8680
392
9317
947
9626
9629
972
6327
5892
9125
705
7290
5432
6180
175
992
2502
5612
549
3101
7231
1252
1889
9546
50
8758
8721
1960
2956
795
9084
2961
5541
8245
2205
4600
6631
3402
9711
3658
2894
5721
2101
6376
5308
9516
9920
5856
6766
8117
498
8934
1323
4165
769
8018
528
9712
5437
8930
2358
5307
7144
6142
6293
4384
4181
9971
1049
2787
8216
6684
3440
492
1190
9199
375
2178
2542
3058
3222
6819
5322
176
3924
3522
4360
6785
9056
4517
6317
1409
7827
7453
146
4122
5258
6275
9029
734
5289
372
3311
8786
6576
344
3211
3230
4290
9020
548
2854
5861
2725
9154
3632
5507
2556
2443
3295
4176
5661
3281
5460
9962
3187
7810
6985
696
8280
5996
1339
8841
1269
3797
4367
3605
8057
6559
6352
587
6568
960
2937
806
6651
7716
2623
6942
143
4625
2456
4638
5576
4544
6296
3738
1241
1269
4434
7287
7335
1623
9055
7420
6907
6221
3343
4444
4993
8509
8362
542
558
1385
2451
7290
9907
5759
68
8422
9782
1534
5578
6917
3704
2358
9750
9360
7399
8253
9149
3557
7339
6592
8068
8882
2909
9636
1524
505
9329
2161
6335
7239
2819
1581
9317
4462
5410
667
7291
5812
2751
99
1974
6868
5253
3400
6383
5255
4614
270
1707
3850
6983
9281
1022
9089
6537
4227
9352
7789
7757
1080
1659
8603
4503
3036
9950
3262
364
1293
6935
3488
9400
9324
6099
9888
1513
7705
1923
3884
6989
9997
9963
9419
2512
1777
1467
1104
2413
6052
6186
4750
6416
3603
6333
309
4679
9960
5838
9299
744
4990
2764
4612
1012
1942
1824
4592
3509
3286
1685
6862
6668
2718
608
6947
9177
3130
1117
8665
5719
6883
3490
5186
9052
2634
5583
6215
7803
7795
5815
7645
4596
6223
3760
1216
8543
9215
1601
2527
1741
7163
8357
9805
992
7895
105
7687
6035
9200
9364
9512
71
5144
23
6085
8334
7261
6037
9809
9628
4191
7709
8289
2493
2359
910
6913
4029
5044
2955
848
788
5295
1457
4925
7619
2665
2322
9308
4436
8031
8178
1731
1382
74
5996
8087
651
3198
6185
558
7404
7306
908
6675
6579
7267
6230
3836
9283
8774
2112
239
9503
2117
7185
7765
2607
5029
1329
511
7577
7160
236
250
3338
5223
1127
5473
6141
4501
5243
2760
4660
8783
2397
3390
8634
1429
4146
6935
6596
9360
5905
3596
8530
298
4238
5747
5510
6489
583
1098
6125
9027
9241
1139
2635
2501
9775
3307
8436
9366
9042
3683
5145
3919
3968
4878
1908
9437
3053
531
2857
265
1449
3973
2366
7241
4626
6406
5569
4849
5133
8860
8788
3735
807
3536
5002
5773
8413
1601
3130
3948
2722
2005
3645
9232
6359
8559
170
6652
9723
3877
3925
118
8274
8429
3739
7815
8839
5619
9006
6826
2386
8410
7073
6373
197
6045
4708
3874
8652
3409
1163
9672
4206
4126
5149
6845
5269
5006
919
889
3070
1956
7455
7076
411
3628
4180
6790
1569
2009
9293
7483
2830
7342
1047
3569
3338
9721
3361
8939
8698
6327
1534
2267
9128
3196
6606
2814
1400
817
3715
4654
3232
2432
8096
7232
7608
1539
2397
2078
6180
4562
1983
2857
7375
4120
3320
567
4737
4924
5451
9959
6187
842
1493
3456
360
9716
990
8156
5635
2343
25
476
8945
90
7017
6306
1298
596
549
6718
3758
6446
3644
4161
7673
1070
9225
4859
8200
3268
7693
204
8520
5476
613
2808
4635
528
754
6075
7889
144
2213
5351
6880
9371
7249
7162
7042
1623
9292
8328
6909
2905
4159
18
2795
1637
6150
821
766
1754
7328
8122
6393
3332
133
2472
1470
8160
6570
1686
365
4836
987
3598
7000
6515
29
1563
1441
5141
1925
8009
7004
4248
4043
7537
707
482
2083
6854
2584
4394
5167
5937
3750
5612
6229
6967
6300
2241
6807
3488
1709
3330
1488
2226
8418
1575
3284
4682
5639
5628
6134
8018
7673
2218
4297
6111
8331
5368
1028
3621
9974
2528
8474
862
2474
2364
4208
649
7298
9003
4858
5454
1196
2879
6558
871
7157
1381
7038
7131
8316
4030
9749
13
5841
2419
211
5453
9707
6897
308
6446
3544
1160
7985
3790
4783
4361
9129
2378
5910
6168
5441
8341
4379
3856
586
5823
5467
7818
9297
2209
4722
7346
7833
4778
2248
3913
3706
1588
220
741
6041
3049
5869
9246
2155
7099
8356
8954
6536
8543
955
7686
7167
9989
2041
9441
2758
169
1557
1262
472
8759
1247
9759
1890
1336
2217
2091
1257
1014
7409
1021
3854
1088
630
7686
4256
2788
9760
586
9560
7853
1579
641
2269
1617
1451
5111
6230
2350
6977
5854
9236
6852
1583
524
9176
8979
7874
3368
2643
4130
2093
796
2851
4473
1133
7110
2226
234
2948
1172
6376
3501
1977
4087
5075
8825
5096
1218
4986
7708
2453
1152
6350
9925
4365
6665
5111
2982
3483
7176
3956
920
9811
1501
1684
5594
9809
2856
6120
6345
6127
4621
3698
3304
2582
2689
5726
3360
1912
260
8427
6883
5629
5795
6684
2251
6775
4588
4002
6853
5215
656
6387