4903
1660
1040
1948
3947
3366
9771
9168
6989
1580
7144
6722
8241
4687
8960
994
5101
8180
6679
9964
800
4247
2658
5423
3427
4267
9043
9929
1437
7774
7965
8307
2775
8159
7692
6843
7665
6945
9971
2805
8825
9844
7948
3190
6275
7213
1300
484
2416
3839
3147
6328
5000
233
7947
202
5379
162
845
1554
6921
5108
2554
886
3745
3259
48
8032
7051
7389
7979
2307
6718
6358
2203
6158
9069
4131
3121
4849
3164
9226
3218
3244
2019
7952
3116
6854
6814
7063
2702
5413
1830
9793
3643
1772
2795
4365
241
9095
467
9949
6071
2882
4902
8805
3239
805
6705
1318
6890
5870
8569
7414
4657
6979
9054
5058
1341
3454
4748
4565
7485
3416
3604
1789
8732
4125
6437
8365
684
3579
1177
8670
8815
5924
6193
9915
1319
6671
2432
4309
2602
7828
5752
2768
4078
6217
6550
4434
5342
5748
4416
3507
8404
7747
7140
5336
2349
3129
4995
3134
9319
3391
3207
1145
5095
7308
222
8546
1576
3816
6996
3810
9450
8282
5910
8714
1630
4139
7137
2222
532
2138
6182
4129
3385
3916
2340
2344
757
8494
6459
8711
3314
5314
6847
9847
240
5179
1090
3177
5409
6909
9303
5378
8990
5024
3116
7435
7415
2438
6165
1640
3603
4938
8725
8755
3928
837
6209
5963
1825
7393
8446
43
6081
864
904
43
5964
9387
8121
7908
9305
1319
5747
3990
465
8114
7247
5372
3580
5025
5532
9043
3681
8955
636
3373
4188
5046
4004
7584
8553
7775
7153
1575
6318
9069
9602
7885
5375
227
4250
9552
4228
752
8755
4471
2117
2362
1708
9931
1727
7522
254
7835
4192
1330
7719
3041
7958
7076
5568
8097
1430
9402
9757
2520
4808
4730
5898
413
5042
1148
2875
3706
3276
1355
6961
8921
3103
2065
7536
5243
2300
8628
7597
7775
6858
9192
8603
4831
2972
4361
3128
3238
8840
80
8762
8029
3127
6113
1865
7579
1136
8111
3937
6696
3853
7077
4488
1607
2542
8401
6887
7417
8204
405
9420
733
6047
4135
483
7171
611
3514
6399
3491
2548
4204
9851
8376
4025
2570
984
2338
7477
2936
2417
8543
2427
3168
1705
9609
4849
2969
802
5341
5509
1158
1338
4155
3911
5095
1547
4958
6756
7761
9390
1968
8337
9163
6830
8082
4911
7365
6205
6705
8092
4690
724
8267
4150
7227
6505
2576
4870
7534
5450
6653
9959
9101
6408
1024
5950
1351
266
873
7173
3289
6557
7955
1767
7355
5906
6945
9157
6597
7839
6851
2519
6745
5968
6578
2270
5459
7010
4320
1025
6941
248
6061
7924
3260
9019
789
8646
3989
9297
1810
8875
7834
9777
1251
322
6563
6164
6708
6863
8844
5151
9020
6013
1337
9844
4287
5371
9965
8672
3496
5365
4012
624
545
5615
9251
4867
4589
8020
517
4675
898
9122
4517
8951
9631
12
1423
5833
8373
3257
6042
1464
522
9138
8593
1854
6209
5023
9693
132
8641
6298
2187
1032
9285
5996
1907
4506
4224
5888
9653
569
6640
1150
9073
9821
2048
854
6797
5139
534
6117
5206
5673
7823
9793
5385
733
433
4130
1014
3264
8602
2176
6712
7185
5585
2713
4183
3525
8684
8039
6712
9253
523
6073
2299
7703
6846
2269
2528
3380
2779
2675
6656
9414
943
9210
814
5981
6203
720
9379
7876
6349
5366
7654
4002
3607
2968
4833
4426
8365
3935
4532
8040
622
2544
1620
7671
142
3664
4002
5094
6641
21
5462
1467
2022
349
9945
899
4226
1205
3698
7377
1468
5209
5816
3198
4528
8876
31
8191
2134
3423
1964
6449
5093
584
8324
5853
620
7886
8716
4002
5848
5802
4191
6494
8723
6267
5477
8640
3391
2534
6887
133
94
370
7089
9117
775
5431
2204
7314
908
2757
6177
8743
4199
1667
3506
627
7112
5047
9129
6451
5541
6613
8726
4435
9986
1883
7970
8844
6221
5512
5161
1420
7399
4866
9397
3835
3303
8540
7158
6797
222
9403
6282
7352
5951
2097
1793
2711
3464
2527
5297
5498
5069
8645
9451
1003
4224
4195
2994
592
8744
9199
8292
1100
1055
658
1455
5643
9776
9068
3909
5925
9983
5977
5719
7653
5979
8910
6885
5026
8750
5769
2229
4006
9908
5109
7825
9865
5099
4004
437
3190
2615
8006
2917
3464
8844
8424
7409
5591
6691
436
7552
2863
4667
5975
6262
3297
6503
842
274
7648
2604
6046
9864
6125
9851
1197
9634
669
67
7845
1426
2080
4741
5828
3487
972
4034
6286
8457
852
8891
7965
4815
7551
7135
2894
3593
5674
9624
8058
9228
7109
9311
4980
9204
2867
5722
5994
8755
3373
1220
7134
8658
7374
1916
7699
5983
4939
1981
6391
6580
4761
8863
5265
9046
8990
7978
345
1762
1221
451
3219
413
6999
5542
5064
4871
4207
2475
5997
4879
5018
3044
2637
1764
5403
7668
5297
3955
5910
9848
350
993
9306
4932
7356
8818
7118
9728
7792
6820
1615
7898
3330
4757
3561
6495
2004
5393
2130
6190
6998
3575
9924
9418
7526
6061
2259
4472
3576
4383
8965
2733
5146
6189
3910
2495
279
2010
4432
596
7979
8302
9382
5733
420
5461
6634
8371
2919
7150
3514
6604
8864
3294
8189
2761
6435
6244
4025
8994
8438
887
4895
6050
1768
3586
4625
9652
582
4593
2545
8853
94
7578
7150
8410
5089
7557
1580
551
6652
5906
1577
1412
181
1177
7437
55
8248
6208
9082
7250
9424
2387
6049
6586
8540
6635
3849
8344
613
9897
8408
457
8149
8856
234
3880
3403
3819
1792
4465
5354
9811
8043
8751
9806
2374
962
2944
2654
1286
5672
7343
7896
4416
9137
3248
1884
7158
5781
6314
1048
4266
3696
1473
6540
4731
2624
2174
3615
7668
7785
889
8158
6775
3913
9862
3634
9943
6979
4349
5968
8217
7178
182
1908
3700
2353
5625
4088
9219
230
5701
3343
5860
832
2316
5477
406
8366
5621
7838
8496
7148
8661
7795
6686
3287
9750
2794
434
6774
6266
3097
6969